52.52464,13.40514,2464.0
53.554423,9.994583,1081.0
48.1374,11.5755,663.0
50.93330,6.95000,543.0
51.220507741497,6.81216996826174,378.0
48.7823,9.1770,354.0
50.73330,7.10000,245.0
51.3396,12.3713,244.0
52.3705,9.7332,197.0
51.5149,7.4660,153.0
53.07516,8.80777,147.0
51.05000,13.75000,140.0
49.44780,11.06830,128.0
49.0047,8.38583,124.0
54.3226843669499,10.1358638465405,117.0
52.02126,8.54576999999995,102.0
49.87060,8.64944,92.0
52.39384,13.07368,82.0
50.98330,11.03330,81.0
50.00000,8.27111,75.0
51.46785,7.19654000000003,67.0
51.71891,8.75752,65.0
49.4967,8.4796,62.0
50.08330,8.25000,61.0
50.76670,6.10000,60.0
51.4966333148967,6.85141620635989,59.0
49.4077,8.6908,58.0
48.36670,10.88330,49.0
52.26902,10.5259599999999,49.0
49.015,12.0956,48.0
49.01500,12.09560,48.0
52.13196,11.62658,47.0
51.316944,9.4925,46.0
49.23330,7.00000,46.0
51.43511,6.76301000000001,46.0
54.51808,9.57038,44.0
48.66670,9.21667,43.0
54.08369,12.10063,43.0
51.26136,7.16302999999994,42.0
49.78780,9.93611,42.0
50.9333,11.5833,41.0
50.93330,11.58330,41.0
50.83330,12.91670,39.0
53.86956,10.68713,38.0
51.53738,9.92923999999994,36.0
51.1801,6.44234000000006,34.0
50.0352384615384615,8.8174138461538462,33.0
52.28201,8.04326000000003,27.0
49.97390,9.14917,25.0
48.1210,7.8536,24.0
53.24682,10.41178,24.0
49.63560,8.35972,23.0
50.13330,8.91667,22.0
51.3389572010443,6.58528489430751,22.0
49.453336,7.6606664,21.0
49.45000,7.75000,21.0
51.25552,6.39652999999998,21.0
51.5175,7.08574999999996,21.0
52.43788,10.7663700000001,19.0
49.68030,8.61611,17.0
52.61709,10.0635,16.0
50.5824111111111111,8.7611105555555556,15.0
48.5712,13.4490,15.0
49.20000,7.60000,15.0
53.55017,8.58236999999997,15.0
51.2965653110169,6.84012947082522,15.0
52.14978,10.33673,14.0
51.05000,7.01667,14.0
51.08330,6.58333,14.0
48.16670,8.61667,13.0
48.53330,9.05000,13.0
49.75000,6.63333,13.0
51.03330,7.65000,13.0
50.73330,12.50000,13.0
49.5977,11.0039,13.0
50.10000,11.45000,12.0
48.48330,7.93333,11.0
50.5587,9.758697,11.0
50.55000,9.66667,11.0
48.88330,12.56670,11.0
52.56751,13.87698,11.0
48.48330,9.21667,10.0
50.26670,10.96670,10.0
51.2038721294835,6.68800777252204,10.0
50.33330,7.21667,10.0
53.7893682107897,9.77226791126724,10.0
51.00000,6.80000,10.0
54.78047,9.43522,9.0
51.18330,7.20000,9.0
49.894263,10.88555,9.0
50.91670,6.81667,9.0
50.43330,7.83333,9.0
50.63330,7.23333,8.0
48.76670,8.33333,8.0
52.14135,9.96602000000007,8.0
47.65000,9.48333,8.0
50.86670,12.08330,8.0
49.94810,11.57830,8.0
52.11783,8.679579,8.0
52.11783,8.67957999999999,8.0
48.75000,8.25000,8.0
50.98330,7.13333,7.0
50.05000,10.23330,7.0
52.20921,8.80086000000006,7.0
52.28161,7.44484999999997,7.0
51.2017153152049,7.35906498413078,7.0
50.86670,8.03333,7.0
50.33330,8.53333,7.0
51.90839,10.4468091534424,7.0
50.81670,7.16667,7.0
51.44401,7.35381,6.0
47.6603,9.1758,6.0
50.26670,9.30000,6.0
51.2505139003074,6.69065967742927,6.0
50.436527397260274,7.0050227397260274,6.0
51.2601699,6.5142186,6.0
51.2641433,6.5446958,6.0
53.67579,10.23845,6.0
54.13765,10.61616,6.0
50.03330,8.11667,6.0
53.8618,8.69359,6.0
53.53112,8.10604999999998,6.0
51.82612,9.46006,6.0
52.20181,8.04848000000004,6.0
51.3122844578804,6.27630918518071,6.0
51.16819,6.93640000000005,6.0
49.38720,8.37472,5.0
49.32920,11.02560,5.0
50.56670,7.23333,5.0
48.26670,11.43330,5.0
51.75529,14.3330100000001,5.0
51.90351,8.38571999999999,5.0
52.47827,10.54901,5.0
51.17038,7.05448000000001,5.0
51.21881,7.63066000000003,5.0
48.28330,11.56670,5.0
50.00000,8.70000,5.0
52.22944,11.00902,5.0
48.20000,11.88330,5.0
51.54257,7.68533000000002,4.0
48.8844,8.6989,4.0
53.938233,10.305231,4.0
51.93807,7.16804999999999,4.0
51.3004,7.36131,4.0
53.7278938775510204,9.6979597959183673,4.0
53.66282,9.79665,4.0
51.66687,6.96591999999998,4.0
51.83695,10.78495,4.0
48.71670,9.26667,4.0
50.15000,8.15000,4.0
48.18330,11.25000,4.0
48.85000,8.20000,4.0
51.69544,7.46762999999999,4.0
50.81670,6.76667,4.0
50.90000,7.20000,4.0
48.00000,11.35000,4.0
50.60000,10.70000,4.0
50.18330,8.75000,4.0
48.30000,11.91270,4.0
54.3038030030323,9.66985793467046,4.0
51.6106297597209,7.52842451324466,4.0
51.62197,7.40076999999997,4.0
50.65000,11.98330,4.0
51.4517651179909,6.64085903167722,4.0
49.75170,8.11611,3.0
51.28289,7.79061999999999,3.0
52.84463,8.05208,3.0
51.7776209874954,9.37708581741344,3.0
51.25097,6.97401000000002,3.0
50.66670,6.78333,3.0
50.4340,8.6712,3.0
52.3407,9.36717,3.0
50.5679,10.4152,3.0
49.12810,8.58361,3.0
51.03330,7.55000,3.0
49.8211159663865546,7.6909120168067227,3.0
49.83330,7.86667,3.0
51.32234,7.33979999999997,3.0
48.35000,8.98333,3.0
53.67359,9.9857,3.0
53.7552973008561,9.65623957259651,3.0
47.98330,10.16670,3.0
54.43555,11.19698,3.0
52.39501,9.59397000000001,3.0
51.3733710945102,7.67429370880132,3.0
51.287970316595,7.29247096832273,3.0
48.96670,9.13333,3.0
50.75000,8.21667,3.0
49.58330,12.53330,3.0
53.05227,8.63375999999994,3.0
51.89980,10.56220,3.0
50.61670,12.26670,3.0
49.10580,9.73417,3.0
50.95000,7.53333,2.0
52.43002,7.06858999999997,2.0
48.46670,8.41667,2.0
49.13690,8.91028,2.0
49.32970,8.42778,2.0
51.49811,13.7734800000001,2.0
50.80000,7.20000,2.0
50.55000,8.50000,2.0
53.25531,7.92592000000002,2.0
52.27985,7.72014999999999,2.0
51.367940961204,9.30118100524896,2.0
49.51250,11.43390,2.0
49.51030,11.27750,2.0
50.56670,13.00000,2.0
52.02703,8.90178000000003,2.0
48.06670,9.95000,2.0
50.43330,12.73330,2.0
50.13330,8.50000,2.0
49.68500,8.78306,2.0
49.70000,6.58333,2.0
51.5930736180821,7.20776373016361,2.0
51.67176,8.34129000000007,2.0
50.68330,7.18333,2.0
51.11670,9.11667,2.0
50.6577,12.1905,2.0
51.43793,7.79807000000005,2.0
51.3401636227961,9.85542617980957,2.0
48.63330,9.35000,2.0
50.20000,10.08330,2.0
49.99360,8.81667,2.0
51.79221,11.14154,2.0
51.52064,6.32633999999996,2.0
51.56762,6.74745000000007,2.0
50.10000,8.76667,2.0
50.36670,8.75000,2.0
52.75275,13.23915,2.0
48.70000,9.01667,2.0
51.1117214378571,13.649485015869,2.0
53.69955,10.7596,2.0
48.63330,9.13333,2.0
52.31756,9.96745999999996,2.0
51.6250397342558,12.3333511535643,2.0
52.10887,9.36589000000004,2.0
52.1683489656064,7.53231025390619,2.0
47.78330,11.83330,2.0
50.5612403225806452,7.4816758064516129,2.0
50.43330,7.46667,2.0
50.86670,10.56670,2.0
50.91670,8.10000,2.0
50.76670,7.18333,2.0
51.18949,6.51571000000001,2.0
51.4727094979378,11.2998041750226,2.0
50.18330,8.91667,2.0
48.95000,8.40000,2.0
47.9942,7.8470,2.0
51.08330,6.31667,2.0
49.62470,9.66278,2.0
51.18072,14.42792,2.0
48.23330,12.68330,2.0
51.094444444444,6.841666666666,2.0
49.91670,7.06667,2.0
49.92110,9.08139,2.0
52.19851,8.58329000000003,2.0
52.43648,9.60527999999999,2.0
53.92105,10.67955,2.0
50.81670,10.23330,2.0
50.23330,8.76667,2.0
50.36670,8.01667,2.0
52.83651,10.6771,2.0
48.83330,12.96670,2.0
49.32280,8.54583,2.0
51.2243509285907,6.61731373016357,2.0
49.90000,10.35000,1.0
50.96670,9.80000,1.0
48.63330,12.50000,1.0
51.98679,9.25214000000005,1.0
51.340016,7.04161,1.0
51.36415,7.24662000000001,1.0
51.73294,9.02169000000004,1.0
50.20000,9.18333,1.0
52.2411534918421,8.92470156616207,1.0
49.4910125,8.15603,1.0
50.73330,8.28333,1.0
48.36670,10.85000,1.0
48.75000,10.35000,1.0
52.97708,13.7439899999999,1.0
48.06670,8.65000,1.0
50.9865689686463,13.5776351745606,1.0
50.00000,8.00000,1.0
49.82690,8.83611,1.0
50.98330,9.71667,1.0
51.01670,11.50000,1.0
48.71670,8.73333,1.0
48.96670,13.13330,1.0
50.00500,12.30280,1.0
53.70720,7.14695,1.0
47.50000,11.10000,1.0
52.07684,8.75292999999999,1.0
49.22000,8.71222,1.0
50.83330,10.95000,1.0
51.96102,9.24870999999996,1.0
50.23330,8.26667,1.0
49.73330,10.16670,1.0
49.89890,8.84444,1.0
52.19456,8.72212999999999,1.0
48.70000,9.15000,1.0
49.70000,7.30000,1.0
51.56297,7.31496000000004,1.0
51.83171,7.28346999999997,1.0
49.00000,11.38330,1.0
53.47632,9.70545,1.0
48.80000,9.78333,1.0
48.65000,11.78330,1.0
50.85000,12.46670,1.0
49.98330,6.88333,1.0
52.91543,12.79893,1.0
52.60495,12.33948,1.0
50.81670,12.38330,1.0
48.95000,8.83333,1.0
51.134027099825,11.726613444519,1.0
53.926752,9.5127,1.0
52.5651522101702,13.0820191217041,1.0
52.52499,7.32275000000004,1.0
51.51728,8.69938999999999,1.0
50.9168,8.5198,1.0
51.6670460274789,8.60068664550784,1.0
51.94123,9.80201,1.0
48.01670,10.60000,1.0
49.04060,9.09278,1.0
50.76670,8.56667,1.0
51.62488,9.02957000000004,1.0
51.32592,9.16596000000004,1.0
51.52904,6.94335000000001,1.0
49.25000,6.85000,1.0
51.39773,8.57463000000007,1.0
49.56920,8.16806,1.0
48.81670,9.38333,1.0
50.29000,8.51500,1.0
50.41670,9.00000,1.0
49.88250,12.33310,1.0
49.98330,7.96667,1.0
49.06670,10.31670,1.0
51.10000,6.15000,1.0
52.86191,9.59280999999999,1.0
47.73330,11.86670,1.0
51.57041,6.98602000000005,1.0
51.72994,12.45368,1.0
47.76670,8.83333,1.0
51.46011,12.6175499999999,1.0
52.3203686955316,10.2434337619018,1.0
48.61670,10.18330,1.0
52.39584,13.27631,1.0
48.70000,9.66667,1.0
50.65000,7.83333,1.0
49.99250,8.42500,1.0
54.4707802668,9.83461322188,1.0
52.62768,11.1641,1.0
51.97991,9.50916000000007,1.0
51.83301,6.46408,1.0
51.0017,13.6488,1.0
47.91670,7.70000,1.0
50.4942,12.5993,1.0
52.26650,9.11775,1.0
49.84030,12.04470,1.0
48.93330,8.96667,1.0
51.4804145230098,11.9688556269837,1.0
53.58367,9.69817,1.0
50.38330,6.93333,1.0
51.82072,9.86814000000004,1.0
48.45000,10.26670,1.0
49.33330,10.80000,1.0
54.31408,9.66324,1.0
47.95000,8.50000,1.0
47.6686,9.5913,1.0
48.80000,8.33333,1.0
51.18342,14.01572,1.0
49.75640,11.54500,1.0
52.2959177982178,7.58375915344232,1.0
49.1387193548387097,8.2459132258064516,1.0
49.22310,8.36389,1.0
49.76000,8.49583,1.0
52.4213301,9.43474,1.0
51.96348,8.22735999999998,1.0
50.01670,8.78333,1.0
51.65776,6.44875000000002,1.0
49.58330,11.25000,1.0
48.25000,7.81667,1.0
48.91666,11.36666,1.0
51.2563,7.7562,1.0
51.90284,11.77582,1.0
51.93581,10.3324700000001,1.0
48.55000,8.71667,1.0
49.76670,10.46670,1.0
53.788403,9.423933,1.0
50.13330,11.25000,1.0
51.67988,6.15647999999999,1.0
52.16162,8.85589000000004,1.0
48.40000,10.83330,1.0
49.29780,8.70139,1.0
47.86670,12.00000,1.0
50.81670,10.36670,1.0
52.30127,7.15761999999995,1.0
51.4312,6.88050999999996,1.0
49.45000,10.86670,1.0
51.5968435140671,10.5559258306885,1.0
48.05000,10.48330,1.0
49.86670,10.23330,1.0
50.33330,7.71667,1.0
52.17203,9.24576000000002,1.0
48.95000,9.43333,1.0
50.03330,10.50000,1.0
49.96670,6.53333,1.0
50.21670,8.61667,1.0
49.95000,7.11667,1.0
49.31670,6.75000,1.0
51.35146,8.28511000000003,1.0
52.08047,7.01055999999994,1.0
50.86670,12.75000,1.0
51.13330,9.55000,1.0